00111111111110111001100110011001100110011001100110011001100110011001100110011001100110011001100110011001100110011001100110011001
00111111111111111011001100110011001100110011001100110011001100110011000000000000001010100010000011001111001000011101110100001000
01000000000000111111111111111111111111111100011100000100110011110001010101110100001011110111010001010101100010111001000101000011
00000000000000000000000000000000000000000000000000000000000000000000000000000000000000000000000000000000000000000000000000000000
3.6793099430919999999999999999999999401993404283863934929210535690037803605023647435245948145166039466857910156250
-12310.9707399999999999999999999999994491857615384807169893146465769473429929803387494757771492004394531250
infinity
NaN
denormalized

